1001
1001
1001
1001
1001
1001
1001
1001
1001
1001
1001
1001
1001
1001
1001
1001
1001
1001
1001
1001
1001
1001
1001
1001
1001
1001
1001
1001
1001
1001
1001
1001
1001
1001
1001
1001
1001
1001
1002
1002
1002
1002
1002
1003
1003
1003
1003
1003
1003
1003
1003
1003
1003
1022
1022
1022
1022
1022
1022
1022
1022
1022
1022
1022
1022
1022
1022
1005
1005
1005
1005
1005
1005
1005
1012
1012
1012
1012
1012
1012
1012
1012
1012
1012
1009
1009
1009
1009
1009
1009
1020
1020
1020
1020
1020
1020
1023
1023
1023
1023
1023
1023
1023
1023
1023
1023
1016
1016
1021
1021
1021
1021
