10030
10031
10032
10038
10034
10042
10046
10068
10067
10107
10096
10069
10049
10048
10051
10059
10054
10065
10035
10112
10071
10073
10079
10078
10041
10081
10088
10072
10095
10110
10102
10103
10063
10036
10023
10060
10097
10077
10059
10070
10081
10053
10061
10042
10108
10057
10062
10078
10083
10081
10072
10093
10028
10034
10066
10068
10075
10078
10081
10087
10072
10093
10101
10027
10103
10052
10037
10042
10080
10040
10074
10064
10082
10020
10038
10111
10039
10086
10106
10029
10111
10093
10094
10099
10033
10008
10078
10072
10090
10104
10033
10008
10078
10072
10090
10104
10029
10111
10093
10094
10099
10038
10111
10039
10086
10106
10042
10113
10113
10098
10099
10100
