#Name	Final_score	Perf_score	Group	Basic_perf_pay
魏晓锋	94	95	1.0	1000.32
李博	100	95	1.1	1000.32
刘彪	100	95	1.2	1000.32
王敏	97	92	1.3	1000.32
潘日高	89	85	1.4	1000.32
江银凤	98	93	1.5	1000.32
卢挺欢	100	95	1.6	1000.32
靳海涛	98	93	1.7	1000.32
颜彦	85	85	2.0	600.32
朱赢	85	90	2.1	1000.32
李霞	87	92	2.2	3000.32
徐超萍	87	92	2.3	1000.32
李昆衡	87	92	2.4	1000.32
沈维燕	87	92	2.5	200.32
操利超	94	90	3.0	1000.32
刘明明	91	88	3.1	800.32
游丽金	91	88	3.2	1100.32
肖萍	91	88	3.3	1100.32
李玲	89	86	3.4	1100.32
杨洁	89	86	3.5	1100.32
陈凤珍	94	90	3.6	1300.32
刘克	85	85	4.0	1000.32
范宁	88	94	4.1	200.32
袁翠红	88	94	4.2	1000.32
梁文菁	85	90	4.3	800.32
